#ifndef MULT_LOOKUPTABLE_H
#define MULT_LOOKUPTABLE_H

// #include <cstdint>

// Define the lookup table
const int scdm841_lookupTable[256][256] = {
    
{16384,16256,16128,16000,15872,15744,15616,15488,15360,15232,15104,14976,14848,14720,14592,14464,14336,14208,14080,13952,13824,13696,13568,13440,13312,13184,13056,12928,12800,12672,12544,12416,12288,12160,12032,11904,11776,11648,11520,11392,11264,11136,11008,10880,10752,10624,10496,10368,10240,10112,9984,9856,9728,9600,9472,9344,9216,9088,8960,8832,8704,8576,8448,8320,8192,8064,7936,7808,7680,7552,7424,7296,7168,7040,6912,6784,6656,6528,6400,6272,6144,6016,5888,5760,5632,5504,5376,5248,5120,4992,4864,4736,4608,4480,4352,4224,4096,3968,3840,3712,3584,3456,3328,3200,3072,2944,2816,2688,2560,2432,2304,2176,2048,1920,1792,1664,1536,1408,1280,1152,1024,896,768,640,512,384,256,128,0,-128,-256,-384,-512,-640,-768,-896,-1024,-1152,-1280,-1408,-1536,-1664,-1792,-1920,-2048,-2176,-2304,-2432,-2560,-2688,-2816,-2944,-3072,-3200,-3328,-3456,-3584,-3712,-3840,-3968,-4096,-4224,-4352,-4480,-4608,-4736,-4864,-4992,-5120,-5248,-5376,-5504,-5632,-5760,-5888,-6016,-6144,-6272,-6400,-6528,-6656,-6784,-6912,-7040,-7168,-7296,-7424,-7552,-7680,-7808,-7936,-8064,-8192,-8320,-8448,-8576,-8704,-8832,-8960,-9088,-9216,-9344,-9472,-9600,-9728,-9856,-9984,-10112,-10240,-10368,-10496,-10624,-10752,-10880,-11008,-11136,-11264,-11392,-11520,-11648,-11776,-11904,-12032,-12160,-12288,-12416,-12544,-12672,-12800,-12928,-13056,-13184,-13312,-13440,-13568,-13696,-13824,-13952,-14080,-14208,-14336,-14464,-14592,-14720,-14848,-14976,-15104,-15232,-15360,-15488,-15616,-15744,-15872,-16000,-16128,-16256},
{16256,16129,16002,15875,15748,15621,15494,15367,15240,15113,14986,14859,14732,14605,14478,14351,14224,14097,13970,13843,13716,13589,13462,13335,13208,13081,12954,12827,12700,12573,12446,12319,12192,12065,11938,11811,11684,11557,11430,11303,11176,11049,10922,10795,10668,10541,10414,10287,10160,10033,9906,9779,9652,9525,9398,9271,9144,9017,8890,8763,8636,8509,8382,8255,8128,8001,7874,7747,7620,7493,7366,7239,7112,6985,6858,6731,6604,6477,6350,6223,6096,5969,5842,5715,5588,5461,5334,5207,5080,4953,4826,4699,4572,4445,4318,4191,4064,3937,3810,3683,3556,3429,3302,3175,3048,2921,2794,2667,2540,2413,2286,2159,2032,1905,1778,1651,1524,1397,1270,1143,1016,889,762,635,508,381,254,127,0,-127,-254,-381,-508,-635,-762,-889,-1016,-1143,-1270,-1397,-1524,-1651,-1778,-1905,-2032,-2159,-2286,-2413,-2540,-2667,-2794,-2921,-3048,-3175,-3302,-3429,-3556,-3683,-3810,-3937,-4064,-4191,-4318,-4445,-4572,-4699,-4826,-4953,-5080,-5207,-5334,-5461,-5588,-5715,-5842,-5969,-6096,-6223,-6350,-6477,-6604,-6731,-6858,-6985,-7112,-7239,-7366,-7493,-7620,-7747,-7874,-8001,-8128,-8255,-8382,-8509,-8636,-8763,-8890,-9017,-9144,-9271,-9398,-9525,-9652,-9779,-9906,-10033,-10160,-10287,-10414,-10541,-10668,-10795,-10922,-11049,-11176,-11303,-11430,-11557,-11684,-11811,-11938,-12065,-12192,-12319,-12446,-12573,-12700,-12827,-12954,-13081,-13208,-13335,-13462,-13589,-13716,-13843,-13970,-14097,-14224,-14351,-14478,-14605,-14732,-14859,-14986,-15113,-15240,-15367,-15494,-15621,-15748,-15875,-16002,-16129},
{16128,16002,15876,15750,15624,15498,15372,15246,15120,14994,14868,14742,14616,14490,14364,14238,14112,13986,13860,13734,13608,13482,13356,13230,13104,12978,12852,12726,12600,12474,12348,12222,12096,11970,11844,11718,11592,11466,11340,11214,11088,10962,10836,10710,10584,10458,10332,10206,10080,9954,9828,9702,9576,9450,9324,9198,9072,8946,8820,8694,8568,8442,8316,8190,8064,7938,7812,7686,7560,7434,7308,7182,7056,6930,6804,6678,6552,6426,6300,6174,6048,5922,5796,5670,5544,5418,5292,5166,5040,4914,4788,4662,4536,4410,4284,4158,4032,3906,3780,3654,3528,3402,3276,3150,3024,2898,2772,2646,2520,2394,2268,2142,2016,1890,1764,1638,1512,1386,1260,1134,1008,882,756,630,504,378,252,126,0,-126,-252,-378,-504,-630,-756,-882,-1008,-1134,-1260,-1386,-1512,-1638,-1764,-1890,-2016,-2142,-2268,-2394,-2520,-2646,-2772,-2898,-3024,-3150,-3276,-3402,-3528,-3654,-3780,-3906,-4032,-4158,-4284,-4410,-4536,-4662,-4788,-4914,-5040,-5166,-5292,-5418,-5544,-5670,-5796,-5922,-6048,-6174,-6300,-6426,-6552,-6678,-6804,-6930,-7056,-7182,-7308,-7434,-7560,-7686,-7812,-7938,-8064,-8190,-8316,-8442,-8568,-8694,-8820,-8946,-9072,-9198,-9324,-9450,-9576,-9702,-9828,-9954,-10080,-10206,-10332,-10458,-10584,-10710,-10836,-10962,-11088,-11214,-11340,-11466,-11592,-11718,-11844,-11970,-12096,-12222,-12348,-12474,-12600,-12726,-12852,-12978,-13104,-13230,-13356,-13482,-13608,-13734,-13860,-13986,-14112,-14238,-14364,-14490,-14616,-14742,-14868,-14994,-15120,-15246,-15372,-15498,-15624,-15750,-15876,-16002},
{16000,15875,15750,15621,15500,15375,15242,15113,15000,14875,14750,14621,14484,14359,14226,14097,14000,13875,13750,13621,13500,13375,13242,13113,13000,12875,12750,12621,12484,12359,12226,12097,12000,11875,11750,11621,11500,11375,11242,11113,11000,10875,10750,10621,10484,10359,10226,10097,10000,9875,9750,9621,9500,9375,9242,9113,9000,8875,8750,8621,8484,8359,8226,8097,8000,7875,7750,7621,7500,7375,7242,7113,7000,6875,6750,6621,6484,6359,6226,6097,6000,5875,5750,5621,5500,5375,5242,5113,5000,4875,4750,4621,4484,4359,4226,4097,4000,3875,3750,3621,3500,3375,3242,3113,3000,2875,2750,2621,2484,2359,2226,2097,2000,1875,1750,1621,1500,1375,1242,1113,1000,875,750,621,484,359,226,97,0,-125,-250,-379,-500,-625,-758,-887,-1000,-1125,-1250,-1379,-1516,-1641,-1774,-1903,-2000,-2125,-2250,-2379,-2500,-2625,-2758,-2887,-3000,-3125,-3250,-3379,-3516,-3641,-3774,-3903,-4000,-4125,-4250,-4379,-4500,-4625,-4758,-4887,-5000,-5125,-5250,-5379,-5516,-5641,-5774,-5903,-6000,-6125,-6250,-6379,-6500,-6625,-6758,-6887,-7000,-7125,-7250,-7379,-7516,-7641,-7774,-7903,-8000,-8125,-8250,-8379,-8500,-8625,-8758,-8887,-9000,-9125,-9250,-9379,-9516,-9641,-9774,-9903,-10000,-10125,-10250,-10379,-10500,-10625,-10758,-10887,-11000,-11125,-11250,-11379,-11516,-11641,-11774,-11903,-12000,-12125,-12250,-12379,-12500,-12625,-12758,-12887,-13000,-13125,-13250,-13379,-13516,-13641,-13774,-13903,-14000,-14125,-14250,-14379,-14500,-14625,-14758,-14887,-15000,-15125,-15250,-15379,-15516,-15641,-15774,-15903},
{15872,15748,15624,15500,15376,15252,15128,15004,14880,14756,14632,14508,14384,14260,14136,14012,13888,13764,13640,13516,13392,13268,13144,13020,12896,12772,12648,12524,12400,12276,12152,12028,11904,11780,11656,11532,11408,11284,11160,11036,10912,10788,10664,10540,10416,10292,10168,10044,9920,9796,9672,9548,9424,9300,9176,9052,8928,8804,8680,8556,8432,8308,8184,8060,7936,7812,7688,7564,7440,7316,7192,7068,6944,6820,6696,6572,6448,6324,6200,6076,5952,5828,5704,5580,5456,5332,5208,5084,4960,4836,4712,4588,4464,4340,4216,4092,3968,3844,3720,3596,3472,3348,3224,3100,2976,2852,2728,2604,2480,2356,2232,2108,1984,1860,1736,1612,1488,1364,1240,1116,992,868,744,620,496,372,248,124,0,-124,-248,-372,-496,-620,-744,-868,-992,-1116,-1240,-1364,-1488,-1612,-1736,-1860,-1984,-2108,-2232,-2356,-2480,-2604,-2728,-2852,-2976,-3100,-3224,-3348,-3472,-3596,-3720,-3844,-3968,-4092,-4216,-4340,-4464,-4588,-4712,-4836,-4960,-5084,-5208,-5332,-5456,-5580,-5704,-5828,-5952,-6076,-6200,-6324,-6448,-6572,-6696,-6820,-6944,-7068,-7192,-7316,-7440,-7564,-7688,-7812,-7936,-8060,-8184,-8308,-8432,-8556,-8680,-8804,-8928,-9052,-9176,-9300,-9424,-9548,-9672,-9796,-9920,-10044,-10168,-10292,-10416,-10540,-10664,-10788,-10912,-11036,-11160,-11284,-11408,-11532,-11656,-11780,-11904,-12028,-12152,-12276,-12400,-12524,-12648,-12772,-12896,-13020,-13144,-13268,-13392,-13516,-13640,-13764,-13888,-14012,-14136,-14260,-14384,-14508,-14632,-14756,-14880,-15004,-15128,-15252,-15376,-15500,-15624,-15748},
{15744,15621,15498,15375,15252,15121,15006,14875,14760,14637,14498,14375,14268,14137,14006,13875,13776,13653,13530,13407,13284,13153,13038,12907,12792,12669,12530,12407,12300,12169,12038,11907,11808,11685,11562,11439,11316,11185,11070,10939,10824,10701,10562,10439,10332,10201,10070,9939,9840,9717,9594,9471,9348,9217,9102,8971,8856,8733,8594,8471,8364,8233,8102,7971,7872,7749,7626,7503,7380,7249,7134,7003,6888,6765,6626,6503,6396,6265,6134,6003,5904,5781,5658,5535,5412,5281,5166,5035,4920,4797,4658,4535,4428,4297,4166,4035,3936,3813,3690,3567,3444,3313,3198,3067,2952,2829,2690,2567,2460,2329,2198,2067,1968,1845,1722,1599,1476,1345,1230,1099,984,861,722,599,492,361,230,99,0,-123,-246,-369,-492,-623,-738,-869,-984,-1107,-1246,-1369,-1476,-1607,-1738,-1869,-1968,-2091,-2214,-2337,-2460,-2591,-2706,-2837,-2952,-3075,-3214,-3337,-3444,-3575,-3706,-3837,-3936,-4059,-4182,-4305,-4428,-4559,-4674,-4805,-4920,-5043,-5182,-5305,-5412,-5543,-5674,-5805,-5904,-6027,-6150,-6273,-6396,-6527,-6642,-6773,-6888,-7011,-7150,-7273,-7380,-7511,-7642,-7773,-7872,-7995,-8118,-8241,-8364,-8495,-8610,-8741,-8856,-8979,-9118,-9241,-9348,-9479,-9610,-9741,-9840,-9963,-10086,-10209,-10332,-10463,-10578,-10709,-10824,-10947,-11086,-11209,-11316,-11447,-11578,-11709,-11808,-11931,-12054,-12177,-12300,-12431,-12546,-12677,-12792,-12915,-13054,-13177,-13284,-13415,-13546,-13677,-13776,-13899,-14022,-14145,-14268,-14399,-14514,-14645,-14760,-14883,-15022,-15145,-15252,-15383,-15514,-15645},
{15616,15494,15372,15242,15128,15006,14868,14738,14640,14518,14396,14266,14152,14030,13892,13762,13664,13542,13420,13290,13176,13054,12916,12786,12688,12566,12444,12314,12200,12078,11940,11810,11712,11590,11468,11338,11224,11102,10964,10834,10736,10614,10492,10362,10248,10126,9988,9858,9760,9638,9516,9386,9272,9150,9012,8882,8784,8662,8540,8410,8296,8174,8036,7906,7808,7686,7564,7434,7320,7198,7060,6930,6832,6710,6588,6458,6344,6222,6084,5954,5856,5734,5612,5482,5368,5246,5108,4978,4880,4758,4636,4506,4392,4270,4132,4002,3904,3782,3660,3530,3416,3294,3156,3026,2928,2806,2684,2554,2440,2318,2180,2050,1952,1830,1708,1578,1464,1342,1204,1074,976,854,732,602,488,366,228,98,0,-122,-244,-374,-488,-610,-748,-878,-976,-1098,-1220,-1350,-1464,-1586,-1724,-1854,-1952,-2074,-2196,-2326,-2440,-2562,-2700,-2830,-2928,-3050,-3172,-3302,-3416,-3538,-3676,-3806,-3904,-4026,-4148,-4278,-4392,-4514,-4652,-4782,-4880,-5002,-5124,-5254,-5368,-5490,-5628,-5758,-5856,-5978,-6100,-6230,-6344,-6466,-6604,-6734,-6832,-6954,-7076,-7206,-7320,-7442,-7580,-7710,-7808,-7930,-8052,-8182,-8296,-8418,-8556,-8686,-8784,-8906,-9028,-9158,-9272,-9394,-9532,-9662,-9760,-9882,-10004,-10134,-10248,-10370,-10508,-10638,-10736,-10858,-10980,-11110,-11224,-11346,-11484,-11614,-11712,-11834,-11956,-12086,-12200,-12322,-12460,-12590,-12688,-12810,-12932,-13062,-13176,-13298,-13436,-13566,-13664,-13786,-13908,-14038,-14152,-14274,-14412,-14542,-14640,-14762,-14884,-15014,-15128,-15250,-15388,-15518},
{15488,15367,15246,15113,15004,14875,14738,14613,14520,14399,14262,14129,14020,13891,13770,13645,13552,13431,13310,13177,13068,12939,12802,12677,12584,12463,12326,12193,12084,11955,11834,11709,11616,11495,11374,11241,11132,11003,10866,10741,10648,10527,10390,10257,10148,10019,9898,9773,9680,9559,9438,9305,9196,9067,8930,8805,8712,8591,8454,8321,8212,8083,7962,7837,7744,7623,7502,7369,7260,7131,6994,6869,6776,6655,6518,6385,6276,6147,6026,5901,5808,5687,5566,5433,5324,5195,5058,4933,4840,4719,4582,4449,4340,4211,4090,3965,3872,3751,3630,3497,3388,3259,3122,2997,2904,2783,2646,2513,2404,2275,2154,2029,1936,1815,1694,1561,1452,1323,1186,1061,968,847,710,577,468,339,218,93,0,-121,-242,-375,-484,-613,-750,-875,-968,-1089,-1226,-1359,-1468,-1597,-1718,-1843,-1936,-2057,-2178,-2311,-2420,-2549,-2686,-2811,-2904,-3025,-3162,-3295,-3404,-3533,-3654,-3779,-3872,-3993,-4114,-4247,-4356,-4485,-4622,-4747,-4840,-4961,-5098,-5231,-5340,-5469,-5590,-5715,-5808,-5929,-6050,-6183,-6292,-6421,-6558,-6683,-6776,-6897,-7034,-7167,-7276,-7405,-7526,-7651,-7744,-7865,-7986,-8119,-8228,-8357,-8494,-8619,-8712,-8833,-8970,-9103,-9212,-9341,-9462,-9587,-9680,-9801,-9922,-10055,-10164,-10293,-10430,-10555,-10648,-10769,-10906,-11039,-11148,-11277,-11398,-11523,-11616,-11737,-11858,-11991,-12100,-12229,-12366,-12491,-12584,-12705,-12842,-12975,-13084,-13213,-13334,-13459,-13552,-13673,-13794,-13927,-14036,-14165,-14302,-14427,-14520,-14641,-14778,-14911,-15020,-15149,-15270,-15395},
{15360,15240,15120,15000,14880,14760,14640,14520,14400,14280,14160,14040,13920,13800,13680,13560,13440,13320,13200,13080,12960,12840,12720,12600,12480,12360,12240,12120,12000,11880,11760,11640,11520,11400,11280,11160,11040,10920,10800,10680,10560,10440,10320,10200,10080,9960,9840,9720,9600,9480,9360,9240,9120,9000,8880,8760,8640,8520,8400,8280,8160,8040,7920,7800,7680,7560,7440,7320,7200,7080,6960,6840,6720,6600,6480,6360,6240,6120,6000,5880,5760,5640,5520,5400,5280,5160,5040,4920,4800,4680,4560,4440,4320,4200,4080,3960,3840,3720,3600,3480,3360,3240,3120,3000,2880,2760,2640,2520,2400,2280,2160,2040,1920,1800,1680,1560,1440,1320,1200,1080,960,840,720,600,480,360,240,120,0,-120,-240,-360,-480,-600,-720,-840,-960,-1080,-1200,-1320,-1440,-1560,-1680,-1800,-1920,-2040,-2160,-2280,-2400,-2520,-2640,-2760,-2880,-3000,-3120,-3240,-3360,-3480,-3600,-3720,-3840,-3960,-4080,-4200,-4320,-4440,-4560,-4680,-4800,-4920,-5040,-5160,-5280,-5400,-5520,-5640,-5760,-5880,-6000,-6120,-6240,-6360,-6480,-6600,-6720,-6840,-6960,-7080,-7200,-7320,-7440,-7560,-7680,-7800,-7920,-8040,-8160,-8280,-8400,-8520,-8640,-8760,-8880,-9000,-9120,-9240,-9360,-9480,-9600,-9720,-9840,-9960,-10080,-10200,-10320,-10440,-10560,-10680,-10800,-10920,-11040,-11160,-11280,-11400,-11520,-11640,-11760,-11880,-12000,-12120,-12240,-12360,-12480,-12600,-12720,-12840,-12960,-13080,-13200,-13320,-13440,-13560,-13680,-13800,-13920,-14040,-14160,-14280,-14400,-14520,-14640,-14760,-14880,-15000,-15120,-15240},
{15232,15113,14994,14875,14756,14637,14518,14399,14280,14145,14042,13907,13804,13669,13566,13431,13328,13209,13090,12971,12852,12733,12614,12495,12376,12241,12138,12003,11900,11765,11662,11527,11424,11305,11186,11067,10948,10829,10710,10591,10472,10337,10234,10099,9996,9861,9758,9623,9520,9401,9282,9163,9044,8925,8806,8687,8568,8433,8330,8195,8092,7957,7854,7719,7616,7497,7378,7259,7140,7021,6902,6783,6664,6529,6426,6291,6188,6053,5950,5815,5712,5593,5474,5355,5236,5117,4998,4879,4760,4625,4522,4387,4284,4149,4046,3911,3808,3689,3570,3451,3332,3213,3094,2975,2856,2721,2618,2483,2380,2245,2142,2007,1904,1785,1666,1547,1428,1309,1190,1071,952,817,714,579,476,341,238,103,0,-119,-238,-357,-476,-595,-714,-833,-952,-1087,-1190,-1325,-1428,-1563,-1666,-1801,-1904,-2023,-2142,-2261,-2380,-2499,-2618,-2737,-2856,-2991,-3094,-3229,-3332,-3467,-3570,-3705,-3808,-3927,-4046,-4165,-4284,-4403,-4522,-4641,-4760,-4895,-4998,-5133,-5236,-5371,-5474,-5609,-5712,-5831,-5950,-6069,-6188,-6307,-6426,-6545,-6664,-6799,-6902,-7037,-7140,-7275,-7378,-7513,-7616,-7735,-7854,-7973,-8092,-8211,-8330,-8449,-8568,-8703,-8806,-8941,-9044,-9179,-9282,-9417,-9520,-9639,-9758,-9877,-9996,-10115,-10234,-10353,-10472,-10607,-10710,-10845,-10948,-11083,-11186,-11321,-11424,-11543,-11662,-11781,-11900,-12019,-12138,-12257,-12376,-12511,-12614,-12749,-12852,-12987,-13090,-13225,-13328,-13447,-13566,-13685,-13804,-13923,-14042,-14161,-14280,-14415,-14518,-14653,-14756,-14891,-14994,-15129},
{15104,14986,14868,14750,14632,14498,14396,14262,14160,14042,13924,13806,13688,13554,13452,13318,13216,13098,12980,12862,12744,12610,12508,12374,12272,12154,12036,11918,11800,11666,11564,11430,11328,11210,11092,10974,10856,10722,10620,10486,10384,10266,10148,10030,9912,9778,9676,9542,9440,9322,9204,9086,8968,8834,8732,8598,8496,8378,8260,8142,8024,7890,7788,7654,7552,7434,7316,7198,7080,6946,6844,6710,6608,6490,6372,6254,6136,6002,5900,5766,5664,5546,5428,5310,5192,5058,4956,4822,4720,4602,4484,4366,4248,4114,4012,3878,3776,3658,3540,3422,3304,3170,3068,2934,2832,2714,2596,2478,2360,2226,2124,1990,1888,1770,1652,1534,1416,1282,1180,1046,944,826,708,590,472,338,236,102,0,-118,-236,-354,-472,-606,-708,-842,-944,-1062,-1180,-1298,-1416,-1550,-1652,-1786,-1888,-2006,-2124,-2242,-2360,-2494,-2596,-2730,-2832,-2950,-3068,-3186,-3304,-3438,-3540,-3674,-3776,-3894,-4012,-4130,-4248,-4382,-4484,-4618,-4720,-4838,-4956,-5074,-5192,-5326,-5428,-5562,-5664,-5782,-5900,-6018,-6136,-6270,-6372,-6506,-6608,-6726,-6844,-6962,-7080,-7214,-7316,-7450,-7552,-7670,-7788,-7906,-8024,-8158,-8260,-8394,-8496,-8614,-8732,-8850,-8968,-9102,-9204,-9338,-9440,-9558,-9676,-9794,-9912,-10046,-10148,-10282,-10384,-10502,-10620,-10738,-10856,-10990,-11092,-11226,-11328,-11446,-11564,-11682,-11800,-11934,-12036,-12170,-12272,-12390,-12508,-12626,-12744,-12878,-12980,-13114,-13216,-13334,-13452,-13570,-13688,-13822,-13924,-14058,-14160,-14278,-14396,-14514,-14632,-14766,-14868,-15002},
{14976,14859,14742,14621,14508,14375,14266,14129,14040,13907,13806,13669,13556,13439,13314,13193,13104,12987,12870,12749,12636,12503,12394,12257,12168,12035,11934,11797,11684,11567,11442,11321,11232,11115,10998,10877,10764,10631,10522,10385,10296,10163,10062,9925,9812,9695,9570,9449,9360,9243,9126,9005,8892,8759,8650,8513,8424,8291,8190,8053,7940,7823,7698,7577,7488,7371,7254,7133,7020,6887,6778,6641,6552,6419,6318,6181,6068,5951,5826,5705,5616,5499,5382,5261,5148,5015,4906,4769,4680,4547,4446,4309,4196,4079,3954,3833,3744,3627,3510,3389,3276,3143,3034,2897,2808,2675,2574,2437,2324,2207,2082,1961,1872,1755,1638,1517,1404,1271,1162,1025,936,803,702,565,452,335,210,89,0,-117,-234,-355,-468,-601,-710,-847,-936,-1069,-1170,-1307,-1420,-1537,-1662,-1783,-1872,-1989,-2106,-2227,-2340,-2473,-2582,-2719,-2808,-2941,-3042,-3179,-3292,-3409,-3534,-3655,-3744,-3861,-3978,-4099,-4212,-4345,-4454,-4591,-4680,-4813,-4914,-5051,-5164,-5281,-5406,-5527,-5616,-5733,-5850,-5971,-6084,-6217,-6326,-6463,-6552,-6685,-6786,-6923,-7036,-7153,-7278,-7399,-7488,-7605,-7722,-7843,-7956,-8089,-8198,-8335,-8424,-8557,-8658,-8795,-8908,-9025,-9150,-9271,-9360,-9477,-9594,-9715,-9828,-9961,-10070,-10207,-10296,-10429,-10530,-10667,-10780,-10897,-11022,-11143,-11232,-11349,-11466,-11587,-11700,-11833,-11942,-12079,-12168,-12301,-12402,-12539,-12652,-12769,-12894,-13015,-13104,-13221,-13338,-13459,-13572,-13705,-13814,-13951,-14040,-14173,-14274,-14411,-14524,-14641,-14766,-14887},
{14848,14732,14616,14484,14384,14268,14152,14020,13920,13804,13688,13556,13456,13340,13224,13092,12992,12876,12760,12628,12528,12412,12296,12164,12064,11948,11832,11700,11600,11484,11368,11236,11136,11020,10904,10772,10672,10556,10440,10308,10208,10092,9976,9844,9744,9628,9512,9380,9280,9164,9048,8916,8816,8700,8584,8452,8352,8236,8120,7988,7888,7772,7656,7524,7424,7308,7192,7060,6960,6844,6728,6596,6496,6380,6264,6132,6032,5916,5800,5668,5568,5452,5336,5204,5104,4988,4872,4740,4640,4524,4408,4276,4176,4060,3944,3812,3712,3596,3480,3348,3248,3132,3016,2884,2784,2668,2552,2420,2320,2204,2088,1956,1856,1740,1624,1492,1392,1276,1160,1028,928,812,696,564,464,348,232,100,0,-116,-232,-364,-464,-580,-696,-828,-928,-1044,-1160,-1292,-1392,-1508,-1624,-1756,-1856,-1972,-2088,-2220,-2320,-2436,-2552,-2684,-2784,-2900,-3016,-3148,-3248,-3364,-3480,-3612,-3712,-3828,-3944,-4076,-4176,-4292,-4408,-4540,-4640,-4756,-4872,-5004,-5104,-5220,-5336,-5468,-5568,-5684,-5800,-5932,-6032,-6148,-6264,-6396,-6496,-6612,-6728,-6860,-6960,-7076,-7192,-7324,-7424,-7540,-7656,-7788,-7888,-8004,-8120,-8252,-8352,-8468,-8584,-8716,-8816,-8932,-9048,-9180,-9280,-9396,-9512,-9644,-9744,-9860,-9976,-10108,-10208,-10324,-10440,-10572,-10672,-10788,-10904,-11036,-11136,-11252,-11368,-11500,-11600,-11716,-11832,-11964,-12064,-12180,-12296,-12428,-12528,-12644,-12760,-12892,-12992,-13108,-13224,-13356,-13456,-13572,-13688,-13820,-13920,-14036,-14152,-14284,-14384,-14500,-14616,-14748},
{14720,14605,14490,14359,14260,14137,14030,13891,13800,13669,13554,13439,13340,13201,13094,12971,12880,12765,12650,12519,12420,12297,12190,12051,11960,11829,11714,11599,11500,11361,11254,11131,11040,10925,10810,10679,10580,10457,10350,10211,10120,9989,9874,9759,9660,9521,9414,9291,9200,9085,8970,8839,8740,8617,8510,8371,8280,8149,8034,7919,7820,7681,7574,7451,7360,7245,7130,6999,6900,6777,6670,6531,6440,6309,6194,6079,5980,5841,5734,5611,5520,5405,5290,5159,5060,4937,4830,4691,4600,4469,4354,4239,4140,4001,3894,3771,3680,3565,3450,3319,3220,3097,2990,2851,2760,2629,2514,2399,2300,2161,2054,1931,1840,1725,1610,1479,1380,1257,1150,1011,920,789,674,559,460,321,214,91,0,-115,-230,-361,-460,-583,-690,-829,-920,-1051,-1166,-1281,-1380,-1519,-1626,-1749,-1840,-1955,-2070,-2201,-2300,-2423,-2530,-2669,-2760,-2891,-3006,-3121,-3220,-3359,-3466,-3589,-3680,-3795,-3910,-4041,-4140,-4263,-4370,-4509,-4600,-4731,-4846,-4961,-5060,-5199,-5306,-5429,-5520,-5635,-5750,-5881,-5980,-6103,-6210,-6349,-6440,-6571,-6686,-6801,-6900,-7039,-7146,-7269,-7360,-7475,-7590,-7721,-7820,-7943,-8050,-8189,-8280,-8411,-8526,-8641,-8740,-8879,-8986,-9109,-9200,-9315,-9430,-9561,-9660,-9783,-9890,-10029,-10120,-10251,-10366,-10481,-10580,-10719,-10826,-10949,-11040,-11155,-11270,-11401,-11500,-11623,-11730,-11869,-11960,-12091,-12206,-12321,-12420,-12559,-12666,-12789,-12880,-12995,-13110,-13241,-13340,-13463,-13570,-13709,-13800,-13931,-14046,-14161,-14260,-14399,-14506,-14629},
{14592,14478,14364,14226,14136,14006,13892,13770,13680,13566,13452,13314,13224,13094,12980,12858,12768,12654,12540,12402,12312,12182,12068,11946,11856,11742,11628,11490,11400,11270,11156,11034,10944,10830,10716,10578,10488,10358,10244,10122,10032,9918,9804,9666,9576,9446,9332,9210,9120,9006,8892,8754,8664,8534,8420,8298,8208,8094,7980,7842,7752,7622,7508,7386,7296,7182,7068,6930,6840,6710,6596,6474,6384,6270,6156,6018,5928,5798,5684,5562,5472,5358,5244,5106,5016,4886,4772,4650,4560,4446,4332,4194,4104,3974,3860,3738,3648,3534,3420,3282,3192,3062,2948,2826,2736,2622,2508,2370,2280,2150,2036,1914,1824,1710,1596,1458,1368,1238,1124,1002,912,798,684,546,456,326,212,90,0,-114,-228,-366,-456,-586,-700,-822,-912,-1026,-1140,-1278,-1368,-1498,-1612,-1734,-1824,-1938,-2052,-2190,-2280,-2410,-2524,-2646,-2736,-2850,-2964,-3102,-3192,-3322,-3436,-3558,-3648,-3762,-3876,-4014,-4104,-4234,-4348,-4470,-4560,-4674,-4788,-4926,-5016,-5146,-5260,-5382,-5472,-5586,-5700,-5838,-5928,-6058,-6172,-6294,-6384,-6498,-6612,-6750,-6840,-6970,-7084,-7206,-7296,-7410,-7524,-7662,-7752,-7882,-7996,-8118,-8208,-8322,-8436,-8574,-8664,-8794,-8908,-9030,-9120,-9234,-9348,-9486,-9576,-9706,-9820,-9942,-10032,-10146,-10260,-10398,-10488,-10618,-10732,-10854,-10944,-11058,-11172,-11310,-11400,-11530,-11644,-11766,-11856,-11970,-12084,-12222,-12312,-12442,-12556,-12678,-12768,-12882,-12996,-13134,-13224,-13354,-13468,-13590,-13680,-13794,-13908,-14046,-14136,-14266,-14380,-14502},
{14464,14351,14238,14097,14012,13875,13762,13645,13560,13431,13318,13193,13092,12971,12858,12725,12656,12543,12430,12289,12204,12067,11954,11837,11752,11623,11510,11385,11284,11163,11050,10917,10848,10735,10622,10481,10396,10259,10146,10029,9944,9815,9702,9577,9476,9355,9242,9109,9040,8927,8814,8673,8588,8451,8338,8221,8136,8007,7894,7769,7668,7547,7434,7301,7232,7119,7006,6865,6780,6643,6530,6413,6328,6199,6086,5961,5860,5739,5626,5493,5424,5311,5198,5057,4972,4835,4722,4605,4520,4391,4278,4153,4052,3931,3818,3685,3616,3503,3390,3249,3164,3027,2914,2797,2712,2583,2470,2345,2244,2123,2010,1877,1808,1695,1582,1441,1356,1219,1106,989,904,775,662,537,436,315,202,69,0,-113,-226,-367,-452,-589,-702,-819,-904,-1033,-1146,-1271,-1372,-1493,-1606,-1739,-1808,-1921,-2034,-2175,-2260,-2397,-2510,-2627,-2712,-2841,-2954,-3079,-3180,-3301,-3414,-3547,-3616,-3729,-3842,-3983,-4068,-4205,-4318,-4435,-4520,-4649,-4762,-4887,-4988,-5109,-5222,-5355,-5424,-5537,-5650,-5791,-5876,-6013,-6126,-6243,-6328,-6457,-6570,-6695,-6796,-6917,-7030,-7163,-7232,-7345,-7458,-7599,-7684,-7821,-7934,-8051,-8136,-8265,-8378,-8503,-8604,-8725,-8838,-8971,-9040,-9153,-9266,-9407,-9492,-9629,-9742,-9859,-9944,-10073,-10186,-10311,-10412,-10533,-10646,-10779,-10848,-10961,-11074,-11215,-11300,-11437,-11550,-11667,-11752,-11881,-11994,-12119,-12220,-12341,-12454,-12587,-12656,-12769,-12882,-13023,-13108,-13245,-13358,-13475,-13560,-13689,-13802,-13927,-14028,-14149,-14262,-14395},
{14336,14224,14112,14000,13888,13776,13664,13552,13440,13328,13216,13104,12992,12880,12768,12656,12544,12432,12320,12208,12096,11984,11872,11760,11648,11536,11424,11312,11200,11088,10976,10864,10752,10640,10528,10416,10304,10192,10080,9968,9856,9744,9632,9520,9408,9296,9184,9072,8960,8848,8736,8624,8512,8400,8288,8176,8064,7952,7840,7728,7616,7504,7392,7280,7168,7056,6944,6832,6720,6608,6496,6384,6272,6160,6048,5936,5824,5712,5600,5488,5376,5264,5152,5040,4928,4816,4704,4592,4480,4368,4256,4144,4032,3920,3808,3696,3584,3472,3360,3248,3136,3024,2912,2800,2688,2576,2464,2352,2240,2128,2016,1904,1792,1680,1568,1456,1344,1232,1120,1008,896,784,672,560,448,336,224,112,0,-112,-224,-336,-448,-560,-672,-784,-896,-1008,-1120,-1232,-1344,-1456,-1568,-1680,-1792,-1904,-2016,-2128,-2240,-2352,-2464,-2576,-2688,-2800,-2912,-3024,-3136,-3248,-3360,-3472,-3584,-3696,-3808,-3920,-4032,-4144,-4256,-4368,-4480,-4592,-4704,-4816,-4928,-5040,-5152,-5264,-5376,-5488,-5600,-5712,-5824,-5936,-6048,-6160,-6272,-6384,-6496,-6608,-6720,-6832,-6944,-7056,-7168,-7280,-7392,-7504,-7616,-7728,-7840,-7952,-8064,-8176,-8288,-8400,-8512,-8624,-8736,-8848,-8960,-9072,-9184,-9296,-9408,-9520,-9632,-9744,-9856,-9968,-10080,-10192,-10304,-10416,-10528,-10640,-10752,-10864,-10976,-11088,-11200,-11312,-11424,-11536,-11648,-11760,-11872,-11984,-12096,-12208,-12320,-12432,-12544,-12656,-12768,-12880,-12992,-13104,-13216,-13328,-13440,-13552,-13664,-13776,-13888,-14000,-14112,-14224},
{14208,14097,13986,13875,13764,13653,13542,13431,13320,13209,13098,12987,12876,12765,12654,12543,12432,12321,12210,12099,11988,11877,11766,11655,11544,11433,11322,11211,11100,10989,10878,10767,10656,10545,10434,10323,10212,10101,9990,9879,9768,9657,9546,9435,9324,9213,9102,8991,8880,8769,8658,8547,8436,8325,8214,8103,7992,7881,7770,7659,7548,7437,7326,7215,7104,6993,6882,6771,6660,6549,6438,6327,6216,6105,5994,5883,5772,5661,5550,5439,5328,5217,5106,4995,4884,4773,4662,4551,4440,4329,4218,4107,3996,3885,3774,3663,3552,3441,3330,3219,3108,2997,2886,2775,2664,2553,2442,2331,2220,2109,1998,1887,1776,1665,1554,1443,1332,1221,1110,999,888,777,666,555,444,333,222,111,0,-111,-222,-333,-444,-555,-666,-777,-888,-999,-1110,-1221,-1332,-1443,-1554,-1665,-1776,-1887,-1998,-2109,-2220,-2331,-2442,-2553,-2664,-2775,-2886,-2997,-3108,-3219,-3330,-3441,-3552,-3663,-3774,-3885,-3996,-4107,-4218,-4329,-4440,-4551,-4662,-4773,-4884,-4995,-5106,-5217,-5328,-5439,-5550,-5661,-5772,-5883,-5994,-6105,-6216,-6327,-6438,-6549,-6660,-6771,-6882,-6993,-7104,-7215,-7326,-7437,-7548,-7659,-7770,-7881,-7992,-8103,-8214,-8325,-8436,-8547,-8658,-8769,-8880,-8991,-9102,-9213,-9324,-9435,-9546,-9657,-9768,-9879,-9990,-10101,-10212,-10323,-10434,-10545,-10656,-10767,-10878,-10989,-11100,-11211,-11322,-11433,-11544,-11655,-11766,-11877,-11988,-12099,-12210,-12321,-12432,-12543,-12654,-12765,-12876,-12987,-13098,-13209,-13320,-13431,-13542,-13653,-13764,-13875,-13986,-14097},
{14080,13970,13860,13750,13640,13530,13420,13310,13200,13090,12980,12870,12760,12650,12540,12430,12320,12210,12100,11990,11880,11770,11660,11550,11440,11330,11220,11110,11000,10890,10780,10670,10560,10450,10340,10230,10120,10010,9900,9790,9680,9570,9460,9350,9240,9130,9020,8910,8800,8690,8580,8470,8360,8250,8140,8030,7920,7810,7700,7590,7480,7370,7260,7150,7040,6930,6820,6710,6600,6490,6380,6270,6160,6050,5940,5830,5720,5610,5500,5390,5280,5170,5060,4950,4840,4730,4620,4510,4400,4290,4180,4070,3960,3850,3740,3630,3520,3410,3300,3190,3080,2970,2860,2750,2640,2530,2420,2310,2200,2090,1980,1870,1760,1650,1540,1430,1320,1210,1100,990,880,770,660,550,440,330,220,110,0,-110,-220,-330,-440,-550,-660,-770,-880,-990,-1100,-1210,-1320,-1430,-1540,-1650,-1760,-1870,-1980,-2090,-2200,-2310,-2420,-2530,-2640,-2750,-2860,-2970,-3080,-3190,-3300,-3410,-3520,-3630,-3740,-3850,-3960,-4070,-4180,-4290,-4400,-4510,-4620,-4730,-4840,-4950,-5060,-5170,-5280,-5390,-5500,-5610,-5720,-5830,-5940,-6050,-6160,-6270,-6380,-6490,-6600,-6710,-6820,-6930,-7040,-7150,-7260,-7370,-7480,-7590,-7700,-7810,-7920,-8030,-8140,-8250,-8360,-8470,-8580,-8690,-8800,-8910,-9020,-9130,-9240,-9350,-9460,-9570,-9680,-9790,-9900,-10010,-10120,-10230,-10340,-10450,-10560,-10670,-10780,-10890,-11000,-11110,-11220,-11330,-11440,-11550,-11660,-11770,-11880,-11990,-12100,-12210,-12320,-12430,-12540,-12650,-12760,-12870,-12980,-13090,-13200,-13310,-13420,-13530,-13640,-13750,-13860,-13970},
{13952,13843,13734,13621,13516,13407,13290,13177,13080,12971,12862,12749,12628,12519,12402,12289,12208,12099,11990,11877,11772,11663,11546,11433,11336,11227,11118,11005,10884,10775,10658,10545,10464,10355,10246,10133,10028,9919,9802,9689,9592,9483,9374,9261,9140,9031,8914,8801,8720,8611,8502,8389,8284,8175,8058,7945,7848,7739,7630,7517,7396,7287,7170,7057,6976,6867,6758,6645,6540,6431,6314,6201,6104,5995,5886,5773,5652,5543,5426,5313,5232,5123,5014,4901,4796,4687,4570,4457,4360,4251,4142,4029,3908,3799,3682,3569,3488,3379,3270,3157,3052,2943,2826,2713,2616,2507,2398,2285,2164,2055,1938,1825,1744,1635,1526,1413,1308,1199,1082,969,872,763,654,541,420,311,194,81,0,-109,-218,-331,-436,-545,-662,-775,-872,-981,-1090,-1203,-1324,-1433,-1550,-1663,-1744,-1853,-1962,-2075,-2180,-2289,-2406,-2519,-2616,-2725,-2834,-2947,-3068,-3177,-3294,-3407,-3488,-3597,-3706,-3819,-3924,-4033,-4150,-4263,-4360,-4469,-4578,-4691,-4812,-4921,-5038,-5151,-5232,-5341,-5450,-5563,-5668,-5777,-5894,-6007,-6104,-6213,-6322,-6435,-6556,-6665,-6782,-6895,-6976,-7085,-7194,-7307,-7412,-7521,-7638,-7751,-7848,-7957,-8066,-8179,-8300,-8409,-8526,-8639,-8720,-8829,-8938,-9051,-9156,-9265,-9382,-9495,-9592,-9701,-9810,-9923,-10044,-10153,-10270,-10383,-10464,-10573,-10682,-10795,-10900,-11009,-11126,-11239,-11336,-11445,-11554,-11667,-11788,-11897,-12014,-12127,-12208,-12317,-12426,-12539,-12644,-12753,-12870,-12983,-13080,-13189,-13298,-13411,-13532,-13641,-13758,-13871},
{13824,13716,13608,13500,13392,13284,13176,13068,12960,12852,12744,12636,12528,12420,12312,12204,12096,11988,11880,11772,11664,11556,11448,11340,11232,11124,11016,10908,10800,10692,10584,10476,10368,10260,10152,10044,9936,9828,9720,9612,9504,9396,9288,9180,9072,8964,8856,8748,8640,8532,8424,8316,8208,8100,7992,7884,7776,7668,7560,7452,7344,7236,7128,7020,6912,6804,6696,6588,6480,6372,6264,6156,6048,5940,5832,5724,5616,5508,5400,5292,5184,5076,4968,4860,4752,4644,4536,4428,4320,4212,4104,3996,3888,3780,3672,3564,3456,3348,3240,3132,3024,2916,2808,2700,2592,2484,2376,2268,2160,2052,1944,1836,1728,1620,1512,1404,1296,1188,1080,972,864,756,648,540,432,324,216,108,0,-108,-216,-324,-432,-540,-648,-756,-864,-972,-1080,-1188,-1296,-1404,-1512,-1620,-1728,-1836,-1944,-2052,-2160,-2268,-2376,-2484,-2592,-2700,-2808,-2916,-3024,-3132,-3240,-3348,-3456,-3564,-3672,-3780,-3888,-3996,-4104,-4212,-4320,-4428,-4536,-4644,-4752,-4860,-4968,-5076,-5184,-5292,-5400,-5508,-5616,-5724,-5832,-5940,-6048,-6156,-6264,-6372,-6480,-6588,-6696,-6804,-6912,-7020,-7128,-7236,-7344,-7452,-7560,-7668,-7776,-7884,-7992,-8100,-8208,-8316,-8424,-8532,-8640,-8748,-8856,-8964,-9072,-9180,-9288,-9396,-9504,-9612,-9720,-9828,-9936,-10044,-10152,-10260,-10368,-10476,-10584,-10692,-10800,-10908,-11016,-11124,-11232,-11340,-11448,-11556,-11664,-11772,-11880,-11988,-12096,-12204,-12312,-12420,-12528,-12636,-12744,-12852,-12960,-13068,-13176,-13284,-13392,-13500,-13608,-13716},
{13696,13589,13482,13375,13268,13153,13054,12939,12840,12733,12610,12503,12412,12297,12182,12067,11984,11877,11770,11663,11556,11441,11342,11227,11128,11021,10898,10791,10700,10585,10470,10355,10272,10165,10058,9951,9844,9729,9630,9515,9416,9309,9186,9079,8988,8873,8758,8643,8560,8453,8346,8239,8132,8017,7918,7803,7704,7597,7474,7367,7276,7161,7046,6931,6848,6741,6634,6527,6420,6305,6206,6091,5992,5885,5762,5655,5564,5449,5334,5219,5136,5029,4922,4815,4708,4593,4494,4379,4280,4173,4050,3943,3852,3737,3622,3507,3424,3317,3210,3103,2996,2881,2782,2667,2568,2461,2338,2231,2140,2025,1910,1795,1712,1605,1498,1391,1284,1169,1070,955,856,749,626,519,428,313,198,83,0,-107,-214,-321,-428,-543,-642,-757,-856,-963,-1086,-1193,-1284,-1399,-1514,-1629,-1712,-1819,-1926,-2033,-2140,-2255,-2354,-2469,-2568,-2675,-2798,-2905,-2996,-3111,-3226,-3341,-3424,-3531,-3638,-3745,-3852,-3967,-4066,-4181,-4280,-4387,-4510,-4617,-4708,-4823,-4938,-5053,-5136,-5243,-5350,-5457,-5564,-5679,-5778,-5893,-5992,-6099,-6222,-6329,-6420,-6535,-6650,-6765,-6848,-6955,-7062,-7169,-7276,-7391,-7490,-7605,-7704,-7811,-7934,-8041,-8132,-8247,-8362,-8477,-8560,-8667,-8774,-8881,-8988,-9103,-9202,-9317,-9416,-9523,-9646,-9753,-9844,-9959,-10074,-10189,-10272,-10379,-10486,-10593,-10700,-10815,-10914,-11029,-11128,-11235,-11358,-11465,-11556,-11671,-11786,-11901,-11984,-12091,-12198,-12305,-12412,-12527,-12626,-12741,-12840,-12947,-13070,-13177,-13268,-13383,-13498,-13613},
{13568,13462,13356,13242,13144,13038,12916,12802,12720,12614,12508,12394,12296,12190,12068,11954,11872,11766,11660,11546,11448,11342,11220,11106,11024,10918,10812,10698,10600,10494,10372,10258,10176,10070,9964,9850,9752,9646,9524,9410,9328,9222,9116,9002,8904,8798,8676,8562,8480,8374,8268,8154,8056,7950,7828,7714,7632,7526,7420,7306,7208,7102,6980,6866,6784,6678,6572,6458,6360,6254,6132,6018,5936,5830,5724,5610,5512,5406,5284,5170,5088,4982,4876,4762,4664,4558,4436,4322,4240,4134,4028,3914,3816,3710,3588,3474,3392,3286,3180,3066,2968,2862,2740,2626,2544,2438,2332,2218,2120,2014,1892,1778,1696,1590,1484,1370,1272,1166,1044,930,848,742,636,522,424,318,196,82,0,-106,-212,-326,-424,-530,-652,-766,-848,-954,-1060,-1174,-1272,-1378,-1500,-1614,-1696,-1802,-1908,-2022,-2120,-2226,-2348,-2462,-2544,-2650,-2756,-2870,-2968,-3074,-3196,-3310,-3392,-3498,-3604,-3718,-3816,-3922,-4044,-4158,-4240,-4346,-4452,-4566,-4664,-4770,-4892,-5006,-5088,-5194,-5300,-5414,-5512,-5618,-5740,-5854,-5936,-6042,-6148,-6262,-6360,-6466,-6588,-6702,-6784,-6890,-6996,-7110,-7208,-7314,-7436,-7550,-7632,-7738,-7844,-7958,-8056,-8162,-8284,-8398,-8480,-8586,-8692,-8806,-8904,-9010,-9132,-9246,-9328,-9434,-9540,-9654,-9752,-9858,-9980,-10094,-10176,-10282,-10388,-10502,-10600,-10706,-10828,-10942,-11024,-11130,-11236,-11350,-11448,-11554,-11676,-11790,-11872,-11978,-12084,-12198,-12296,-12402,-12524,-12638,-12720,-12826,-12932,-13046,-13144,-13250,-13372,-13486},
{13440,13335,13230,13113,13020,12907,12786,12677,12600,12495,12374,12257,12164,12051,11946,11837,11760,11655,11550,11433,11340,11227,11106,10997,10920,10815,10694,10577,10484,10371,10266,10157,10080,9975,9870,9753,9660,9547,9426,9317,9240,9135,9014,8897,8804,8691,8586,8477,8400,8295,8190,8073,7980,7867,7746,7637,7560,7455,7334,7217,7124,7011,6906,6797,6720,6615,6510,6393,6300,6187,6066,5957,5880,5775,5654,5537,5444,5331,5226,5117,5040,4935,4830,4713,4620,4507,4386,4277,4200,4095,3974,3857,3764,3651,3546,3437,3360,3255,3150,3033,2940,2827,2706,2597,2520,2415,2294,2177,2084,1971,1866,1757,1680,1575,1470,1353,1260,1147,1026,917,840,735,614,497,404,291,186,77,0,-105,-210,-327,-420,-533,-654,-763,-840,-945,-1066,-1183,-1276,-1389,-1494,-1603,-1680,-1785,-1890,-2007,-2100,-2213,-2334,-2443,-2520,-2625,-2746,-2863,-2956,-3069,-3174,-3283,-3360,-3465,-3570,-3687,-3780,-3893,-4014,-4123,-4200,-4305,-4426,-4543,-4636,-4749,-4854,-4963,-5040,-5145,-5250,-5367,-5460,-5573,-5694,-5803,-5880,-5985,-6106,-6223,-6316,-6429,-6534,-6643,-6720,-6825,-6930,-7047,-7140,-7253,-7374,-7483,-7560,-7665,-7786,-7903,-7996,-8109,-8214,-8323,-8400,-8505,-8610,-8727,-8820,-8933,-9054,-9163,-9240,-9345,-9466,-9583,-9676,-9789,-9894,-10003,-10080,-10185,-10290,-10407,-10500,-10613,-10734,-10843,-10920,-11025,-11146,-11263,-11356,-11469,-11574,-11683,-11760,-11865,-11970,-12087,-12180,-12293,-12414,-12523,-12600,-12705,-12826,-12943,-13036,-13149,-13254,-13363},
{13312,13208,13104,13000,12896,12792,12688,12584,12480,12376,12272,12168,12064,11960,11856,11752,11648,11544,11440,11336,11232,11128,11024,10920,10816,10712,10608,10504,10400,10296,10192,10088,9984,9880,9776,9672,9568,9464,9360,9256,9152,9048,8944,8840,8736,8632,8528,8424,8320,8216,8112,8008,7904,7800,7696,7592,7488,7384,7280,7176,7072,6968,6864,6760,6656,6552,6448,6344,6240,6136,6032,5928,5824,5720,5616,5512,5408,5304,5200,5096,4992,4888,4784,4680,4576,4472,4368,4264,4160,4056,3952,3848,3744,3640,3536,3432,3328,3224,3120,3016,2912,2808,2704,2600,2496,2392,2288,2184,2080,1976,1872,1768,1664,1560,1456,1352,1248,1144,1040,936,832,728,624,520,416,312,208,104,0,-104,-208,-312,-416,-520,-624,-728,-832,-936,-1040,-1144,-1248,-1352,-1456,-1560,-1664,-1768,-1872,-1976,-2080,-2184,-2288,-2392,-2496,-2600,-2704,-2808,-2912,-3016,-3120,-3224,-3328,-3432,-3536,-3640,-3744,-3848,-3952,-4056,-4160,-4264,-4368,-4472,-4576,-4680,-4784,-4888,-4992,-5096,-5200,-5304,-5408,-5512,-5616,-5720,-5824,-5928,-6032,-6136,-6240,-6344,-6448,-6552,-6656,-6760,-6864,-6968,-7072,-7176,-7280,-7384,-7488,-7592,-7696,-7800,-7904,-8008,-8112,-8216,-8320,-8424,-8528,-8632,-8736,-8840,-8944,-9048,-9152,-9256,-9360,-9464,-9568,-9672,-9776,-9880,-9984,-10088,-10192,-10296,-10400,-10504,-10608,-10712,-10816,-10920,-11024,-11128,-11232,-11336,-11440,-11544,-11648,-11752,-11856,-11960,-12064,-12168,-12272,-12376,-12480,-12584,-12688,-12792,-12896,-13000,-13104,-13208},
{13184,13081,12978,12875,12772,12669,12566,12463,12360,12241,12154,12035,11948,11829,11742,11623,11536,11433,11330,11227,11124,11021,10918,10815,10712,10593,10506,10387,10300,10181,10094,9975,9888,9785,9682,9579,9476,9373,9270,9167,9064,8945,8858,8739,8652,8533,8446,8327,8240,8137,8034,7931,7828,7725,7622,7519,7416,7297,7210,7091,7004,6885,6798,6679,6592,6489,6386,6283,6180,6077,5974,5871,5768,5649,5562,5443,5356,5237,5150,5031,4944,4841,4738,4635,4532,4429,4326,4223,4120,4001,3914,3795,3708,3589,3502,3383,3296,3193,3090,2987,2884,2781,2678,2575,2472,2353,2266,2147,2060,1941,1854,1735,1648,1545,1442,1339,1236,1133,1030,927,824,705,618,499,412,293,206,87,0,-103,-206,-309,-412,-515,-618,-721,-824,-943,-1030,-1149,-1236,-1355,-1442,-1561,-1648,-1751,-1854,-1957,-2060,-2163,-2266,-2369,-2472,-2591,-2678,-2797,-2884,-3003,-3090,-3209,-3296,-3399,-3502,-3605,-3708,-3811,-3914,-4017,-4120,-4239,-4326,-4445,-4532,-4651,-4738,-4857,-4944,-5047,-5150,-5253,-5356,-5459,-5562,-5665,-5768,-5887,-5974,-6093,-6180,-6299,-6386,-6505,-6592,-6695,-6798,-6901,-7004,-7107,-7210,-7313,-7416,-7535,-7622,-7741,-7828,-7947,-8034,-8153,-8240,-8343,-8446,-8549,-8652,-8755,-8858,-8961,-9064,-9183,-9270,-9389,-9476,-9595,-9682,-9801,-9888,-9991,-10094,-10197,-10300,-10403,-10506,-10609,-10712,-10831,-10918,-11037,-11124,-11243,-11330,-11449,-11536,-11639,-11742,-11845,-11948,-12051,-12154,-12257,-12360,-12479,-12566,-12685,-12772,-12891,-12978,-13097},
{13056,12954,12852,12750,12648,12530,12444,12326,12240,12138,12036,11934,11832,11714,11628,11510,11424,11322,11220,11118,11016,10898,10812,10694,10608,10506,10404,10302,10200,10082,9996,9878,9792,9690,9588,9486,9384,9266,9180,9062,8976,8874,8772,8670,8568,8450,8364,8246,8160,8058,7956,7854,7752,7634,7548,7430,7344,7242,7140,7038,6936,6818,6732,6614,6528,6426,6324,6222,6120,6002,5916,5798,5712,5610,5508,5406,5304,5186,5100,4982,4896,4794,4692,4590,4488,4370,4284,4166,4080,3978,3876,3774,3672,3554,3468,3350,3264,3162,3060,2958,2856,2738,2652,2534,2448,2346,2244,2142,2040,1922,1836,1718,1632,1530,1428,1326,1224,1106,1020,902,816,714,612,510,408,290,204,86,0,-102,-204,-306,-408,-526,-612,-730,-816,-918,-1020,-1122,-1224,-1342,-1428,-1546,-1632,-1734,-1836,-1938,-2040,-2158,-2244,-2362,-2448,-2550,-2652,-2754,-2856,-2974,-3060,-3178,-3264,-3366,-3468,-3570,-3672,-3790,-3876,-3994,-4080,-4182,-4284,-4386,-4488,-4606,-4692,-4810,-4896,-4998,-5100,-5202,-5304,-5422,-5508,-5626,-5712,-5814,-5916,-6018,-6120,-6238,-6324,-6442,-6528,-6630,-6732,-6834,-6936,-7054,-7140,-7258,-7344,-7446,-7548,-7650,-7752,-7870,-7956,-8074,-8160,-8262,-8364,-8466,-8568,-8686,-8772,-8890,-8976,-9078,-9180,-9282,-9384,-9502,-9588,-9706,-9792,-9894,-9996,-10098,-10200,-10318,-10404,-10522,-10608,-10710,-10812,-10914,-11016,-11134,-11220,-11338,-11424,-11526,-11628,-11730,-11832,-11950,-12036,-12154,-12240,-12342,-12444,-12546,-12648,-12766,-12852,-12970},
